0.000205	3	41	-310.068736	1819.583127
0.000205	3	41	-313.953055	1819.823393
0.000205	3	41	-317.837304	1820.063606
0.000205	3	41	-321.721482	1820.303765
0.000204	3	41	-325.605590	1820.543870
0.000204	3	41	-329.489627	1820.783920
0.000204	3	41	-333.373595	1821.023917
0.000204	3	41	-337.257493	1821.263859
0.000204	3	41	-341.141322	1821.503746
0.000203	3	41	-345.025081	1821.743578
0.000203	3	41	-348.908771	1821.983355
0.000203	3	41	-352.792392	1822.223078
0.000203	3	41	-356.675945	1822.462745
0.000203	3	41	-360.559429	1822.702356
0.000202	3	41	-364.442844	1822.941912
0.000202	3	41	-368.326191	1823.181412
0.000202	3	41	-372.209470	1823.420857
0.000202	3	41	-376.092681	1823.660245
0.000201	3	41	-379.975824	1823.899577
0.000201	3	41	-383.858900	1824.138853
0.000201	3	41	-387.741909	1824.378072
0.000201	3	41	-391.624850	1824.617234
0.000201	3	41	-395.507725	1824.856340
0.000200	3	41	-399.390532	1825.095389
0.000200	3	41	-403.273273	1825.334380
0.000200	3	41	-407.155948	1825.573314
0.000200	3	41	-411.038556	1825.812191
0.000199	3	41	-414.921098	1826.051010
0.000199	3	41	-418.803575	1826.289772
0.000199	3	41	-422.685985	1826.528475
0.000199	3	41	-426.568331	1826.767120
0.000198	3	41	-430.450611	1827.005707
0.000198	3	41	-434.332825	1827.244236
0.000198	3	41	-438.214975	1827.482706
0.000198	3	41	-442.097060	1827.721117
0.000197	3	41	-445.979080	1827.959470
0.000197	3	41	-449.861036	1828.197763
0.000197	3	41	-453.742928	1828.435998
0.000197	3	41	-457.624755	1828.674172
0.000196	3	41	-461.506519	1828.912288
0.000196	3	41	-465.388219	1829.150344
0.000196	3	41	-469.269855	1829.388340
0.000196	3	41	-473.151428	1829.626275
0.000195	3	41	-477.032938	1829.864151
0.000195	3	41	-480.914385	1830.101967
0.000195	3	41	-484.795769	1830.339722
0.000195	3	41	-488.677090	1830.577416
0.000194	3	41	-492.558349	1830.815050
0.000194	3	41	-496.439546	1831.052623
0.000194	3	41	-500.320680	1831.290134
0.000194	3	41	-504.201753	1831.527585
0.000193	3	41	-508.082764	1831.764974
0.000193	3	41	-511.963713	1832.002301
0.000193	3	41	-515.844601	1832.239567
0.000193	3	41	-519.725428	1832.476771
0.000192	3	41	-523.606193	1832.713912
0.000192	3	41	-527.486898	1832.950992
0.000192	34	47	75.650896	-23.680246
0.000195	34	47	75.047729	-23.651186
0.000198	34	47	74.441547	-23.621171
0.000201	34	47	73.832308	-23.590180
0.000204	34	47	73.219966	-23.558191
0.000208	34	47	72.604475	-23.525182
0.000211	34	47	71.985787	-23.491133
0.000214	34	47	71.363855	-23.456019
0.000218	34	47	70.738628	-23.419815
0.000221	34	47	70.110055	-23.382499
0.000225	34	47	69.478082	-23.344042
0.000229	34	47	68.842656	-23.304420
0.000233	34	47	68.203720	-23.263604
0.000237	34	47	67.561216	-23.221565
0.000241	34	47	66.915085	-23.178274
0.000245	34	47	66.265265	-23.133700
0.000250	34	47	65.611694	-23.087811
0.000255	34	47	64.954306	-23.040573
0.000259	34	47	64.293033	-22.991952
0.000264	34	47	63.627806	-22.941912
0.000269	34	47	62.958554	-22.890414
0.000275	34	47	62.285201	-22.837421
0.000280	34	47	61.607671	-22.782891
0.000286	34	47	60.925885	-22.726782
0.000292	34	47	60.239760	-22.669049
0.000298	34	47	59.549212	-22.609647
0.000304	34	47	58.854152	-22.548526
0.000311	34	47	58.154489	-22.485637
0.000318	34	47	57.450127	-22.420926
0.000325	34	47	56.740969	-22.354339
0.000332	34	47	56.026911	-22.285817
0.000340	34	47	55.307849	-22.215299
0.000348	34	47	54.583672	-22.142721
0.000357	34	47	53.854264	-22.068018
0.000366	34	47	53.119505	-21.991117
0.000375	34	47	52.379273	-21.911945
0.000385	34	47	51.633435	-21.830424
0.000395	34	47	50.881857	-21.746472
0.000405	34	47	50.124397	-21.660001
0.000417	34	47	49.360906	-21.570921
0.000428	34	47	48.591231	-21.479133
0.000441	34	47	47.815208	-21.384535
0.000454	34	47	47.032668	-21.287018
0.000467	34	47	46.243433	-21.186467
0.000482	34	47	45.447314	-21.082758
0.000497	34	47	44.644116	-20.975761
0.000513	34	47	43.833631	-20.865337
0.000530	34	47	43.015641	-20.751336
0.000548	34	47	42.189916	-20.633599
0.000567	34	47	41.356213	-20.511958
0.000588	34	47	40.514274	-20.386228
0.000610	34	47	39.663829	-20.256213
0.000633	34	47	38.804587	-20.121704
0.000658	34	47	37.936243	-19.982470
0.000684	34	47	37.058471	-19.838268
0.000713	34	47	36.170923	-19.688829
0.000744	34	47	35.273230	-19.533863
0.000777	34	47	34.364994	-19.373057
0.000813	34	47	33.445792	-19.206066
0.000852	34	47	32.515169	-19.032512
0.000895	34	47	31.572633	-18.851983
0.000941	34	47	30.617658	-18.664024
0.000992	34	47	29.649672	-18.468130
0.001047	34	47	28.668056	-18.263744
0.001109	34	47	27.672139	-18.050244
0.001177	34	47	26.661188	-17.826936
0.001252	34	47	25.634402	-17.593037
0.001337	34	47	24.590905	-17.347666
0.001432	34	47	23.529729	-17.089822
0.001539	34	47	22.449808	-16.818361
0.001662	34	47	21.349958	-16.531968
0.001802	34	47	20.228860	-16.229121
0.001964	34	47	19.085040	-15.908041
0.002152	34	47	17.916839	-15.566637
0.002375	34	47	16.722381	-15.202420
0.002640	34	47	15.499537	-14.812395
0.002960	34	47	14.245875	-14.392916
0.003353	34	47	12.958602	-13.939479
0.003844	34	47	11.634500	-13.446424
0.004470	34	47	10.269847	-12.906502
0.005291	34	47	8.860349	-12.310219
0.006401	34	47	7.401094	-11.644807
0.007961	34	47	5.886631	-10.892531
0.010262	34	47	4.311400	-10.027809
0.013871	34	47	2.671211	-9.012004
0.019977	34	47	0.967998	-7.783569
0.031175	34	47	-0.774523	-6.239074
0.051856	34	47	-2.455973	-4.202629
0.075191	34	47	-3.720177	-1.452197
0.065515	34	47	-3.839911	1.744987
0.040419	34	47	-2.956912	4.486494
0.024877	34	47	-1.700450	6.661349
0.016597	34	47	-0.341451	8.434527
0.011907	34	47	1.028671	9.932957
0.009027	34	47	2.378553	11.235944
0.007132	34	47	3.697672	12.393605
0.005816	34	47	4.983302	13.439017
0.004861	34	47	6.235773	14.395003
0.004143	34	47	7.456598	15.277932
0.003588	34	47	8.647688	16.099935
0.003148	34	47	9.811020	16.870254
0.002793	34	47	10.948489	17.596102
0.002502	34	47	12.061859	18.283214
0.002259	34	47	13.152741	18.936236
0.002054	34	47	14.222597	19.558984
0.001879	34	47	15.272751	20.154637
0.001728	34	47	16.304401	20.725868
0.001597	34	47	17.318632	21.274954
0.001776	14	27	-12.999253	8.369899
0.002210	14	27	-11.513899	7.736941
0.002871	14	27	-9.941999	7.045827
0.003976	14	27	-8.259852	6.276581
0.006112	14	27	-6.429262	5.394534
0.011495	14	27	-4.380453	4.329387
0.037189	14	27	-1.955424	2.892407
0.174508	14	27	1.391497	0.091791
0.008870	14	27	-5.556817	-3.387955
0.002099	14	27	-12.100671	-6.621105
0.000923	14	27	-18.552014	-9.803635
0.000793	34	47	28.416672	26.654177
0.000759	34	47	29.269584	27.029474
0.000727	34	47	30.113430	27.396398
0.000697	34	47	30.948536	27.755367
0.000669	34	47	31.775204	28.106768
0.000644	34	47	32.593722	28.450957
0.000619	34	47	33.404357	28.788263
0.000597	34	47	34.207364	29.118992
0.000576	34	47	35.002981	29.443430
0.000556	34	47	35.791435	29.761841
0.000537	34	47	36.572941	30.074471
0.000520	34	47	37.347700	30.381552
0.000503	34	47	38.115907	30.683301
0.000488	34	47	38.877743	30.979919
0.000473	34	47	39.633382	31.271598
0.000459	34	47	40.382991	31.558517
0.000446	34	47	41.126727	31.840845
0.000433	34	47	41.864741	32.118740
0.000421	34	47	42.597176	32.392354
0.000409	34	47	43.324169	32.661829
0.000399	34	47	44.045853	32.927298
0.000388	34	47	44.762352	33.188890
0.000378	34	47	45.473788	33.446726
0.000378	27	43	-193.519774	-735.328842
0.000381	27	43	-190.070687	-733.524040
0.000384	27	43	-186.621874	-731.719314
0.000386	27	43	-183.173317	-729.914655
0.000389	27	43	-179.725003	-728.110055
0.000392	27	43	-176.276916	-726.305508
0.000394	27	43	-172.829045	-724.501006
0.000397	27	43	-169.381378	-722.696545
0.000400	27	43	-165.933906	-720.892119
0.000402	27	43	-162.486618	-719.087722
0.000405	27	43	-159.039507	-717.283351
0.000408	27	43	-155.592563	-715.479001
0.000411	27	43	-152.145781	-713.674668
0.000413	27	43	-148.699152	-711.870349
0.000416	27	43	-145.252670	-710.066040
0.000419	27	43	-141.806330	-708.261738
0.000422	27	43	-138.360126	-706.457440
0.000425	27	43	-134.914054	-704.653144
0.000427	27	43	-131.468107	-702.848846
0.000430	27	43	-128.022282	-701.044544
0.000433	27	43	-124.576575	-699.240237
0.000436	27	43	-121.130981	-697.435921
0.000439	27	43	-117.685497	-695.631594
0.000442	27	43	-114.240119	-693.827255
0.000445	27	43	-110.794845	-692.022902
0.000448	27	43	-107.349670	-690.218533
0.000451	27	43	-103.904593	-688.414146
0.000454	27	43	-100.459610	-686.609739
0.000457	27	43	-97.014719	-684.805311
0.000460	27	43	-93.569917	-683.000861
0.000463	27	43	-90.125202	-681.196387
0.000466	27	43	-86.680571	-679.391887
0.000469	27	43	-83.236023	-677.587361
0.000472	27	43	-79.791556	-675.782806
0.000475	27	43	-76.347167	-673.978222
0.000478	27	43	-72.902855	-672.173608
0.000481	27	43	-69.458618	-670.368961
0.000484	27	43	-66.014454	-668.564283
0.000487	27	43	-62.570363	-666.759570
0.000490	27	43	-59.126341	-664.954822
0.000493	27	43	-55.682389	-663.150038
0.000496	27	43	-52.238504	-661.345217
0.000499	27	43	-48.794685	-659.540359
0.000502	27	43	-45.350931	-657.735461
0.000506	27	43	-41.907241	-655.930524
0.000509	27	43	-38.463613	-654.125546
0.000512	27	43	-35.020047	-652.320526
0.000515	27	43	-31.576541	-650.515464
0.000518	27	43	-28.133095	-648.710358
0.000521	27	43	-24.689707	-646.905209
0.000524	27	43	-21.246377	-645.100014
0.000527	27	43	-17.803104	-643.294775
0.000530	27	43	-14.359886	-641.489488
0.000533	27	43	-10.916723	-639.684155
0.000537	27	43	-7.473614	-637.878773
0.000540	27	43	-4.030559	-636.073343
0.000543	27	43	-0.587557	-634.267864
0.000546	27	43	2.855393	-632.462335
0.000549	27	43	6.298292	-630.656755
0.000552	27	43	9.741141	-628.851124
0.000555	27	43	13.183939	-627.045440
0.000558	27	43	16.626687	-625.239705
0.000561	27	43	20.069386	-623.433916
0.000564	27	43	23.512037	-621.628073
0.000567	27	43	26.954640	-619.822176
0.000570	27	43	30.397195	-618.016224
0.000573	27	43	33.839704	-616.210216
0.000576	27	43	37.282166	-614.404152
0.000579	27	43	40.724581	-612.598032
0.000582	27	43	44.166951	-610.791854
0.000585	27	43	47.609275	-608.985618
0.000588	27	43	51.051555	-607.179324
0.000591	27	43	54.493790	-605.372971
0.000594	27	43	57.935980	-603.566559
0.000597	27	43	61.378127	-601.760087
0.000599	27	43	64.820229	-599.953555
0.000602	27	43	68.262289	-598.146962
0.000605	27	43	71.704305	-596.340307
0.000608	27	43	75.146278	-594.533591
0.000611	27	43	78.588209	-592.726813
0.000613	27	43	82.030097	-590.919972
0.000616	27	43	85.471943	-589.113068
0.000619	27	43	88.913748	-587.306100
0.000621	27	43	92.355510	-585.499068
0.000624	27	43	95.797231	-583.691972
0.000626	27	43	99.238910	-581.884812
0.000629	27	43	102.680548	-580.077586
0.000631	27	43	106.122145	-578.270294
0.000634	27	43	109.563701	-576.462937
0.000636	27	43	113.005216	-574.655514
0.000639	27	43	116.446691	-572.848024
0.000641	27	43	119.888125	-571.040466
0.000643	27	43	123.329518	-569.232842
0.000646	27	43	126.770871	-567.425150
0.000648	27	43	130.212184	-565.617390
0.000650	27	43	133.653456	-563.809562
0.000652	27	43	137.094688	-562.001665
0.000654	27	43	140.535880	-560.193699
0.000656	27	43	143.977032	-558.385664
0.000658	27	43	147.418144	-556.577560
0.000660	27	43	150.859216	-554.769386
0.000662	27	43	154.300249	-552.961142
0.000664	27	43	157.741241	-551.152828
0.000666	27	43	161.182193	-549.344443
0.000667	27	43	164.623106	-547.535988
0.000669	27	43	168.063978	-545.727462
0.000671	27	43	171.504811	-543.918864
0.000672	27	43	174.945604	-542.110196
0.000674	27	43	178.386357	-540.301456
0.000675	27	43	181.827070	-538.492644
0.000677	27	43	185.267743	-536.683760
0.000678	27	43	188.708377	-534.874805
0.000680	27	43	192.148971	-533.065777
0.000681	27	43	195.589524	-531.256677
0.000682	27	43	199.030038	-529.447504
0.000683	27	43	202.470512	-527.638259
0.000684	27	43	205.910946	-525.828941
0.000685	27	43	209.351340	-524.019550
0.000686	27	43	212.791694	-522.210087
0.000687	27	43	216.232008	-520.400550
0.000688	27	43	219.672282	-518.590941
0.000689	27	43	223.112515	-516.781258
0.000689	27	43	226.552709	-514.971502
0.000690	27	43	229.992863	-513.161672
0.000690	27	43	233.432976	-511.351770
0.000691	27	43	236.873049	-509.541793
0.000691	27	43	240.313082	-507.731744
0.000692	27	43	243.753074	-505.921621
0.000692	27	43	247.193026	-504.111425
0.000692	27	43	250.632938	-502.301155
0.000692	27	43	254.072810	-500.490812
0.000693	27	43	257.512641	-498.680396
0.000693	27	43	260.952431	-496.869906
0.000693	27	43	264.392182	-495.059343
0.000692	27	43	267.831891	-493.248706
0.000692	27	43	271.271561	-491.437997
0.000692	27	43	274.711190	-489.627214
0.000692	27	43	278.150778	-487.816358
0.000691	27	43	281.590326	-486.005429
0.000691	27	43	285.029833	-484.194427
0.000691	27	43	288.469300	-482.383352
0.000690	27	43	291.908726	-480.572204
0.000689	27	43	295.348112	-478.760984
0.000689	27	43	298.787457	-476.949691
0.000688	27	43	302.226761	-475.138325
0.000687	27	43	305.666026	-473.326888
0.000686	27	43	309.105250	-471.515378
0.000685	27	43	312.544433	-469.703796
0.000684	27	43	315.983576	-467.892142
0.000683	27	43	319.422678	-466.080416
0.000682	27	43	322.861741	-464.268619
0.000681	27	43	326.300763	-462.456750
0.000680	27	43	329.739744	-460.644810
0.000678	27	43	333.178686	-458.832799
0.000677	27	43	336.617588	-457.020717
0.000676	27	43	340.056449	-455.208564
0.000674	27	43	343.495270	-453.396341
0.000673	27	43	346.934052	-451.584047
0.000671	27	43	350.372794	-449.771683
0.000669	27	43	353.811496	-447.959249
0.000668	27	43	357.250158	-446.146745
0.000666	27	43	360.688781	-444.334172
0.000664	27	43	364.127364	-442.521529
0.000662	27	43	367.565908	-440.708818
0.000660	27	43	371.004413	-438.896037
0.000659	27	43	374.442879	-437.083188
0.000657	27	43	377.881306	-435.270270
0.000654	27	43	381.319694	-433.457284
0.000652	27	43	384.758043	-431.644230
0.000650	27	43	388.196354	-429.831108
0.000648	27	43	391.634626	-428.017919
0.000646	27	43	395.072861	-426.204662
0.000644	27	43	398.511057	-424.391339
0.000641	27	43	401.949215	-422.577948
0.000639	27	43	405.387336	-420.764491
0.000637	27	43	408.825419	-418.950968
0.000634	27	43	412.263464	-417.137379
0.000632	27	43	415.701473	-415.323724
0.000629	27	43	419.139445	-413.510003
0.000627	27	43	422.577380	-411.696217
0.000624	27	43	426.015278	-409.882366
0.000622	27	43	429.453140	-408.068450
0.000619	27	43	432.890966	-406.254470
0.000616	27	43	436.328757	-404.440426
0.000614	27	43	439.766511	-402.626317
0.000611	27	43	443.204231	-400.812145
0.000608	27	43	446.641915	-398.997909
0.000605	27	43	450.079564	-397.183610
0.000603	27	43	453.517179	-395.369248
0.000600	27	43	456.954760	-393.554823
0.000597	27	43	460.392306	-391.740336
0.000594	27	43	463.829819	-389.925786
0.000591	27	43	467.267298	-388.111175
0.000588	27	43	470.704744	-386.296501
0.000585	27	43	474.142157	-384.481766
0.000582	27	43	477.579537	-382.666970
0.000580	27	43	481.016885	-380.852113
0.000577	27	43	484.454201	-379.037195
0.000574	27	43	487.891485	-377.222217
0.000571	27	43	491.328738	-375.407179
0.000568	27	43	494.765960	-373.592080
0.000565	27	43	498.203151	-371.776921
0.000562	27	43	501.640312	-369.961703
0.000558	27	43	505.077442	-368.146426
0.000555	27	43	508.514543	-366.331090
0.000552	27	43	511.951614	-364.515694
0.000549	27	43	515.388657	-362.700240
0.000546	27	43	518.825670	-360.884728
0.000543	27	43	522.262655	-359.069157
0.000540	27	43	525.699613	-357.253529
0.000537	27	43	529.136542	-355.437842
0.000534	27	43	532.573444	-353.622098
0.000531	27	43	536.010320	-351.806297
0.000528	27	43	539.447169	-349.990439
0.000525	27	43	542.883991	-348.174523
0.000521	27	43	546.320788	-346.358551
0.000518	27	43	549.757559	-344.542523
0.000515	27	43	553.194306	-342.726438
0.000512	27	43	556.631027	-340.910296
0.000509	27	43	560.067725	-339.094099
0.000506	27	43	563.504398	-337.277847
0.000503	27	43	566.941048	-335.461538
0.000500	27	43	570.377675	-333.645174
0.000497	27	43	573.814279	-331.828755
0.000494	27	43	577.250861	-330.012281
0.000490	27	43	580.687421	-328.195752
0.000487	27	43	584.123960	-326.379168
0.000484	27	43	587.560477	-324.562530
0.000481	27	43	590.996974	-322.745837
0.000478	27	43	594.433451	-320.929091
0.000475	27	43	597.869908	-319.112290
0.000472	27	43	601.306345	-317.295435
0.000469	27	43	604.742763	-315.478526
0.000466	27	43	608.179163	-313.661564
0.000463	27	43	611.615545	-311.844548
0.000460	27	43	615.051908	-310.027479
0.000457	27	43	618.488255	-308.210356
0.000454	27	43	621.924584	-306.393181
0.000451	27	43	625.360898	-304.575952
0.000448	27	43	628.797195	-302.758671
0.000445	27	43	632.233476	-300.941337
0.000442	27	43	635.669742	-299.123950
0.000439	27	43	639.105994	-297.306511
0.000436	27	43	642.542231	-295.489019
0.000433	27	43	645.978454	-293.671475
0.000431	27	43	649.414664	-291.853879
0.000428	27	43	652.850860	-290.036231
0.000425	27	43	656.287044	-288.218531
0.000422	27	43	659.723216	-286.400779
0.000419	27	43	663.159377	-284.582975
0.000416	27	43	666.595525	-282.765119
0.000413	27	43	670.031663	-280.947212
0.000411	27	43	673.467791	-279.129254
0.000408	27	43	676.903909	-277.311243
0.000405	27	43	680.340017	-275.493182
0.000402	27	43	683.776115	-273.675069
0.000400	27	43	687.212206	-271.856905
0.000397	27	43	690.648288	-270.038690
0.000394	27	43	694.084362	-268.220423
0.000392	27	43	697.520429	-266.402106
0.000389	27	43	700.956488	-264.583737
0.000386	27	43	704.392542	-262.765318
0.000384	27	43	707.828589	-260.946847
0.000381	27	43	711.264631	-259.128326
0.000378	27	43	714.700667	-257.309754
0.000376	27	43	718.136699	-255.491131
0.000373	27	43	721.572726	-253.672457
0.000371	27	43	725.008750	-251.853733
0.000368	27	43	728.444770	-250.034958
0.000366	27	43	731.880787	-248.216132
0.000363	27	43	735.316801	-246.397256
0.000361	27	43	738.752813	-244.578329
0.000358	27	43	742.188824	-242.759352
0.000356	27	43	745.624833	-240.940324
0.000353	27	43	749.060842	-239.121245
0.000351	27	43	752.496850	-237.302116
0.000348	27	43	755.932858	-235.482936
0.000346	27	43	759.368867	-233.663706
0.000344	27	43	762.804876	-231.844426
0.000341	27	43	766.240887	-230.025094
0.000339	27	43	769.676899	-228.205713
0.000337	27	43	773.112914	-226.386281
0.000334	27	43	776.548932	-224.566798
0.000332	27	43	779.984952	-222.747265
0.000330	27	43	783.420976	-220.927681
0.000327	27	43	786.857004	-219.108047
0.000325	27	43	790.293036	-217.288362
0.000323	27	43	793.729072	-215.468627
0.000321	27	43	797.165114	-213.648841
0.000318	27	43	800.601162	-211.829004
0.000316	27	43	804.037216	-210.009117
0.000314	27	43	807.473276	-208.189179
0.000312	27	43	810.909342	-206.369191
0.000310	27	43	814.345417	-204.549151
0.000308	27	43	817.781499	-202.729061
0.000306	27	43	821.217589	-200.908921
0.000304	27	43	824.653687	-199.088729
0.000301	27	43	828.089795	-197.268486
0.000299	27	43	831.525911	-195.448193
0.000297	27	43	834.962038	-193.627849
0.000295	27	43	838.398175	-191.807453
0.000293	27	43	841.834322	-189.987007
0.000291	27	43	845.270481	-188.166509
0.000289	27	43	848.706651	-186.345961
0.000287	27	43	852.142833	-184.525361
0.000285	27	43	855.579027	-182.704710
0.000284	27	43	859.015233	-180.884008
0.000282	27	43	862.451453	-179.063254
0.000280	27	43	865.887686	-177.242449
0.000278	27	43	869.323934	-175.421592
0.000276	27	43	872.760195	-173.600684
0.000274	27	43	876.196471	-171.779724
0.000272	27	43	879.632762	-169.958713
0.000270	27	43	883.069069	-168.137650
0.000269	27	43	886.505392	-166.316535
0.000267	27	43	889.941731	-164.495368
0.000265	27	43	893.378087	-162.674149
0.000263	27	43	896.814459	-160.852878
0.000261	27	43	900.250850	-159.031555
0.000260	27	43	903.687258	-157.210180
0.000258	27	43	907.123684	-155.388752
0.000256	27	43	910.560129	-153.567273
0.000255	27	43	913.996594	-151.745740
0.000253	27	43	917.433077	-149.924156
0.000251	27	43	920.869581	-148.102518
0.000250	27	43	924.306105	-146.280828
0.000248	27	43	927.742649	-144.459085
0.000246	27	43	931.179215	-142.637290
0.000245	27	43	934.615802	-140.815441
0.000243	27	43	938.052410	-138.993539
0.000241	27	43	941.489041	-137.171584
0.000240	27	43	944.925695	-135.349576
0.000238	27	43	948.362371	-133.527515
0.000237	27	43	951.799071	-131.705400
0.000235	27	43	955.235795	-129.883231
0.000234	27	43	958.672542	-128.061009
0.000232	27	43	962.109314	-126.238733
0.000231	27	43	965.546111	-124.416404
0.000229	27	43	968.982934	-122.594020
0.000229	14	39	-72.324367	1393.530524
0.000230	14	39	-75.438453	1391.780700
0.000230	14	39	-78.552469	1390.030849
0.000231	14	39	-81.666413	1388.280971
0.000231	14	39	-84.780287	1386.531066
0.000232	14	39	-87.894090	1384.781134
0.000232	14	39	-91.007823	1383.031174
0.000233	14	39	-94.121485	1381.281187
0.000234	14	39	-97.235078	1379.531173
0.000234	14	39	-100.348601	1377.781131
0.000235	14	39	-103.462054	1376.031061
0.000235	14	39	-106.575439	1374.280963
0.000236	14	39	-109.688754	1372.530837
0.000236	14	39	-112.802000	1370.780683
0.000237	14	39	-115.915178	1369.030500
0.000237	14	39	-119.028288	1367.280289
0.000238	14	39	-122.141329	1365.530049
0.000238	14	39	-125.254303	1363.779780
0.000239	14	39	-128.367208	1362.029481
0.000239	14	39	-131.480046	1360.279154
0.000240	14	39	-134.592817	1358.528797
0.000240	14	39	-137.705521	1356.778411
0.000241	14	39	-140.818158	1355.027995
0.000241	14	39	-143.930728	1353.277549
0.000242	14	39	-147.043232	1351.527074
0.000242	14	39	-150.155670	1349.776568
0.000243	14	39	-153.268041	1348.026032
0.000243	14	39	-156.380347	1346.275465
0.000244	14	39	-159.492588	1344.524868
0.000244	14	39	-162.604762	1342.774241
0.000244	14	39	-165.716872	1341.023582
0.000245	14	39	-168.828917	1339.272892
0.000245	14	39	-171.940897	1337.522172
0.000246	14	39	-175.052813	1335.771420
0.000246	14	39	-178.164664	1334.020636
0.000247	14	39	-181.276451	1332.269821
0.000247	14	39	-184.388175	1330.518974
0.000248	14	39	-187.499835	1328.768095
0.000248	14	39	-190.611431	1327.017184
0.000249	14	39	-193.722964	1325.266241
0.000249	14	39	-196.834434	1323.515266
0.000250	14	39	-199.945841	1321.764258
0.000250	14	39	-203.057186	1320.013217
0.000251	14	39	-206.168468	1318.262144
0.000251	14	39	-209.279688	1316.511037
0.000252	14	39	-212.390846	1314.759898
0.000252	14	39	-215.501942	1313.008725
0.000253	14	39	-218.612977	1311.257519
0.000253	14	39	-221.723950	1309.506279
0.000253	14	39	-224.834862	1307.755006
0.000254	14	39	-227.945713	1306.003699
0.000254	14	39	-231.056504	1304.252357
0.000255	14	39	-234.167234	1302.500982
0.000255	14	39	-237.277904	1300.749572
0.000256	14	39	-240.388513	1298.998128
0.000256	14	39	-243.499063	1297.246650
0.000257	14	39	-246.609553	1295.495136
0.000257	14	39	-249.719984	1293.743588
0.000257	14	39	-252.830355	1291.992005
0.000258	14	39	-255.940667	1290.240386
0.000258	14	39	-259.050920	1288.488732
0.000259	14	39	-262.161115	1286.737043
0.000259	14	39	-265.271251	1284.985318
0.000260	14	39	-268.381329	1283.233558
0.000260	14	39	-271.491349	1281.481761
0.000260	14	39	-274.601311	1279.729928
0.000261	14	39	-277.711215	1277.978059
0.000261	14	39	-280.821062	1276.226154
0.000262	14	39	-283.930852	1274.474213
0.000262	14	39	-287.040585	1272.722234
0.000262	14	39	-290.150261	1270.970219
0.000263	14	39	-293.259880	1269.218167
0.000263	14	39	-296.369443	1267.466078
0.000264	14	39	-299.478950	1265.713951
0.000264	14	39	-302.588401	1263.961788
0.000264	14	39	-305.697795	1262.209586
0.000265	14	39	-308.807135	1260.457347
0.000265	14	39	-311.916419	1258.705071
0.000266	14	39	-315.025647	1256.952756
0.000266	14	39	-318.134821	1255.200403
0.000266	14	39	-321.243940	1253.448012
0.000267	14	39	-324.353004	1251.695582
0.000267	14	39	-327.462014	1249.943114
0.000268	14	39	-330.570970	1248.190608
0.000268	14	39	-333.679871	1246.438062
0.000268	14	39	-336.788719	1244.685478
0.000269	14	39	-339.897514	1242.932854
0.000269	14	39	-343.006255	1241.180191
0.000269	14	39	-346.114942	1239.427489
0.000270	14	39	-349.223577	1237.674747
0.000270	14	39	-352.332159	1235.921965
0.000270	14	39	-355.440689	1234.169144
0.000271	14	39	-358.549166	1232.416282
0.000271	14	39	-361.657590	1230.663381
0.000271	14	39	-364.765963	1228.910439
0.000272	14	39	-367.874284	1227.157457
0.000272	14	39	-370.982554	1225.404434
0.000272	14	39	-374.090772	1223.651371
0.000273	14	39	-377.198939	1221.898266
0.000273	14	39	-380.307055	1220.145121
0.000273	14	39	-383.415120	1218.391935
0.000274	14	39	-386.523134	1216.638707
0.000274	14	39	-389.631098	1214.885438
0.000274	14	39	-392.739012	1213.132127
0.000275	14	39	-395.846876	1211.378775
0.000275	14	39	-398.954690	1209.625381
0.000275	14	39	-402.062454	1207.871945
0.000275	14	39	-405.170169	1206.118466
0.000276	14	39	-408.277835	1204.364946
0.000276	14	39	-411.385452	1202.611383
0.000276	14	39	-414.493020	1200.857778
0.000277	14	39	-417.600539	1199.104129
0.000277	14	39	-420.708010	1197.350438
0.000277	14	39	-423.815433	1195.596705
0.000277	14	39	-426.922807	1193.842928
0.000278	14	39	-430.030134	1192.089107
0.000278	14	39	-433.137413	1190.335244
0.000278	14	39	-436.244645	1188.581336
0.000278	14	39	-439.351829	1186.827386
0.000279	14	39	-442.458966	1185.073391
0.000279	14	39	-445.566057	1183.319353
0.000279	14	39	-448.673101	1181.565270
0.000279	14	39	-451.780098	1179.811143
0.000280	14	39	-454.887049	1178.056972
0.000280	14	39	-457.993954	1176.302756
0.000280	14	39	-461.100813	1174.548496
0.000280	14	39	-464.207627	1172.794191
0.000280	14	39	-467.314395	1171.039841
0.000281	14	39	-470.421117	1169.285446
0.000281	14	39	-473.527795	1167.531006
0.000281	14	39	-476.634428	1165.776520
0.000281	14	39	-479.741015	1164.021989
0.000281	14	39	-482.847559	1162.267412
0.000282	14	39	-485.954058	1160.512790
0.000282	14	39	-489.060513	1158.758122
0.000282	14	39	-492.166924	1157.003408
0.000282	14	39	-495.273291	1155.248647
0.000282	14	39	-498.379615	1153.493841
0.000282	14	39	-501.485895	1151.738988
0.000283	14	39	-504.592132	1149.984088
0.000283	14	39	-507.698327	1148.229142
0.000283	14	39	-510.804478	1146.474149
0.000283	14	39	-513.910587	1144.719109
0.000283	14	39	-517.016654	1142.964022
0.000283	14	39	-520.122678	1141.208888
0.000284	14	39	-523.228660	1139.453706
0.000284	14	39	-526.334601	1137.698477
0.000284	14	39	-529.440500	1135.943200
0.000284	14	39	-532.546357	1134.187876
0.000284	14	39	-535.652174	1132.432503
0.000284	14	39	-538.757949	1130.677083
0.000284	14	39	-541.863683	1128.921614
0.000284	14	39	-544.969377	1127.166097
0.000284	14	39	-548.075031	1125.410532
0.000285	14	39	-551.180644	1123.654918
0.000285	14	39	-554.286217	1121.899256
0.000285	14	39	-557.391750	1120.143544
0.000285	14	39	-560.497244	1118.387784
0.000285	14	39	-563.602698	1116.631974
0.000285	14	39	-566.708113	1114.876116
0.000285	14	39	-569.813489	1113.120208
0.000285	14	39	-572.918826	1111.364250
0.000285	14	39	-576.024124	1109.608243
0.000285	14	39	-579.129384	1107.852186
0.000285	14	39	-582.234605	1106.096080
0.000285	14	39	-585.339788	1104.339923
0.000285	14	39	-588.444934	1102.583716
0.000285	14	39	-591.550041	1100.827459
0.000285	14	39	-594.655112	1099.071151
0.000285	14	39	-597.760144	1097.314793
0.000285	14	39	-600.865140	1095.558385
0.000285	14	39	-603.970099	1093.801925
0.000286	14	39	-607.075021	1092.045415
0.000286	14	39	-610.179906	1090.288853
0.000286	14	39	-613.284755	1088.532240
0.000286	14	39	-616.389568	1086.775576
0.000286	14	39	-619.494345	1085.018861
0.000286	14	39	-622.599087	1083.262094
0.000285	14	39	-625.703792	1081.505275
0.000285	14	39	-628.808462	1079.748404
0.000285	14	39	-631.913097	1077.991482
0.000285	14	39	-635.017698	1076.234507
0.000285	14	39	-638.122263	1074.477481
0.000285	14	39	-641.226793	1072.720401
0.000285	14	39	-644.331290	1070.963270
0.000285	14	39	-647.435752	1069.206085
0.000285	14	39	-650.540180	1067.448849
0.000285	14	39	-653.644574	1065.691559
0.000285	14	39	-656.748934	1063.934216
0.000285	14	39	-659.853262	1062.176820
0.000285	14	39	-662.957555	1060.419371
0.000285	14	39	-666.061816	1058.661868
0.000285	14	39	-669.166044	1056.904312
0.000285	14	39	-672.270240	1055.146703
0.000285	14	39	-675.374403	1053.389039
0.000285	14	39	-678.478533	1051.631322
0.000284	14	39	-681.582632	1049.873551
0.000284	14	39	-684.686698	1048.115725
0.000284	14	39	-687.790734	1046.357846
0.000284	14	39	-690.894737	1044.599912
0.000284	14	39	-693.998709	1042.841923
0.000284	14	39	-697.102651	1041.083880
0.000284	14	39	-700.206561	1039.325782
0.000284	14	39	-703.310441	1037.567629
0.000284	14	39	-706.414290	1035.809421
0.000283	14	39	-709.518109	1034.051158
0.000283	14	39	-712.621897	1032.292840
0.000283	14	39	-715.725656	1030.534467
0.000283	14	39	-718.829386	1028.776037
0.000283	14	39	-721.933085	1027.017553
0.000283	14	39	-725.036756	1025.259012
0.000282	14	39	-728.140397	1023.500416
0.000282	14	39	-731.244009	1021.741763
0.000282	14	39	-734.347593	1019.983055
0.000282	14	39	-737.451148	1018.224290
0.000282	14	39	-740.554675	1016.465469
0.000282	14	39	-743.658174	1014.706591
0.000281	14	39	-746.761644	1012.947656
0.000281	14	39	-749.865087	1011.188665
0.000281	14	39	-752.968503	1009.429617
0.000281	14	39	-756.071891	1007.670512
0.000281	14	39	-759.175252	1005.911350
0.000280	14	39	-762.278587	1004.152131
0.000280	14	39	-765.381894	1002.392854
0.000280	14	39	-768.485175	1000.633519
0.000280	14	39	-771.588430	998.874127
0.000280	14	39	-774.691658	997.114678
0.000279	14	39	-777.794861	995.355170
0.000279	14	39	-780.898038	993.595604
0.000279	14	39	-784.001189	991.835981
0.000279	14	39	-787.104315	990.076299
0.000278	14	39	-790.207416	988.316558
0.000278	14	39	-793.310492	986.556759
0.000278	14	39	-796.413543	984.796902
0.000278	14	39	-799.516570	983.036986
0.000277	14	39	-802.619572	981.277010
0.000277	14	39	-805.722550	979.516976
0.000277	14	39	-808.825505	977.756883
0.000277	14	39	-811.928435	975.996730
0.000276	14	39	-815.031342	974.236519
0.000276	14	39	-818.134226	972.476247
0.000276	14	39	-821.237087	970.715916
0.000275	14	39	-824.339925	968.955525
0.000275	14	39	-827.442740	967.195075
0.000275	14	39	-830.545532	965.434564
0.000275	14	39	-833.648303	963.673994
0.000274	14	39	-836.751051	961.913363
0.000274	14	39	-839.853777	960.152671
0.000274	14	39	-842.956482	958.391919
0.000273	14	39	-846.059165	956.631107
0.000273	14	39	-849.161827	954.870234
0.000273	14	39	-852.264467	953.109300
0.000272	14	39	-855.367087	951.348305
0.000272	14	39	-858.469686	949.587249
0.000272	14	39	-861.572265	947.826132
0.000271	14	39	-864.674823	946.064953
0.000271	14	39	-867.777362	944.303713
0.000271	14	39	-870.879880	942.542411
0.000270	14	39	-873.982379	940.781048
0.000270	14	39	-877.084858	939.019622
0.000270	14	39	-880.187318	937.258135
0.000269	14	39	-883.289759	935.496586
0.000269	14	39	-886.392182	933.734974
0.000269	14	39	-889.494585	931.973300
0.000268	14	39	-892.596970	930.211564
0.000268	14	39	-895.699337	928.449765
0.000268	14	39	-898.801686	926.687903
0.000267	14	39	-901.904017	924.925979
0.000267	14	39	-905.006331	923.163991
0.000266	14	39	-908.108627	921.401941
0.000266	14	39	-911.210906	919.639827
0.000266	14	39	-914.313168	917.877650
0.000265	14	39	-917.415413	916.115409
0.000265	14	39	-920.517642	914.353105
0.000264	14	39	-923.619854	912.590737
0.000264	14	39	-926.722050	910.828306
0.000264	14	39	-929.824230	909.065810
0.000263	14	39	-932.926394	907.303250
0.000263	14	39	-936.028543	905.540626
0.000262	14	39	-939.130677	903.777938
0.000262	14	39	-942.232795	902.015185
0.000262	14	39	-945.334898	900.252368
0.000261	14	39	-948.436987	898.489486
0.000261	14	39	-951.539061	896.726539
0.000260	14	39	-954.641121	894.963527
0.000260	14	39	-957.743167	893.200450
0.000260	14	39	-960.845199	891.437308
0.000259	14	39	-963.947217	889.674101
0.000259	14	39	-967.049222	887.910828
0.000258	14	39	-970.151214	886.147489
0.000258	14	39	-973.253192	884.384085
0.000257	14	39	-976.355158	882.620615
0.000257	14	39	-979.457111	880.857079
0.000257	14	39	-982.559052	879.093476
0.000256	14	39	-985.660980	877.329808
0.000256	14	39	-988.762897	875.566073
0.000255	14	39	-991.864801	873.802272
0.000255	14	39	-994.966695	872.038404
0.000254	14	39	-998.068576	870.274469
0.000254	14	39	-1001.170447	868.510468
0.000253	14	39	-1004.272307	866.746400
0.000253	14	39	-1007.374156	864.982264
0.000253	14	39	-1010.475994	863.218061
0.000252	14	39	-1013.577822	861.453791
0.000252	14	39	-1016.679640	859.689453
0.000251	14	39	-1019.781448	857.925048
0.000251	14	39	-1022.883247	856.160575
0.000250	14	39	-1025.985036	854.396034
0.000250	14	39	-1029.086815	852.631425
0.000249	14	39	-1032.188586	850.866748
0.000249	14	39	-1035.290348	849.102003
0.000248	14	39	-1038.392101	847.337189
0.000248	14	39	-1041.493846	845.572307
0.000247	14	39	-1044.595582	843.807356
0.000247	14	39	-1047.697311	842.042336
0.000246	14	39	-1050.799032	840.277248
0.000246	14	39	-1053.900745	838.512090
0.000245	14	39	-1057.002451	836.746863
0.000245	14	39	-1060.104150	834.981567
0.000244	14	39	-1063.205842	833.216201
0.000244	14	39	-1066.307527	831.450766
0.000244	14	39	-1069.409205	829.685261
0.000243	14	39	-1072.510878	827.919687
0.000243	14	39	-1075.612544	826.154042
0.000242	14	39	-1078.714204	824.388327
0.000242	14	39	-1081.815859	822.622542
0.000241	14	39	-1084.917509	820.856687
0.000241	14	39	-1088.019153	819.090761
0.000240	14	39	-1091.120792	817.324765
0.000240	14	39	-1094.222426	815.558698
0.000239	14	39	-1097.324056	813.792560
0.000239	14	39	-1100.425681	812.026351
0.000238	14	39	-1103.527302	810.260070
0.000238	14	39	-1106.628919	808.493719
0.000237	14	39	-1109.730533	806.727296
0.000237	14	39	-1112.832143	804.960802
0.000236	14	39	-1115.933750	803.194235
0.000236	14	39	-1119.035353	801.427598
0.000235	14	39	-1122.136954	799.660888
0.000235	14	39	-1125.238552	797.894106
0.000234	14	39	-1128.340148	796.127252
0.000233	14	39	-1131.441741	794.360325
0.000233	14	39	-1134.543333	792.593326
0.000232	14	39	-1137.644922	790.826254
0.000232	14	39	-1140.746510	789.059110
0.000231	14	39	-1143.848097	787.291893
0.000231	14	39	-1146.949682	785.524603
0.000230	14	39	-1150.051267	783.757239
0.000230	14	39	-1153.152850	781.989803
0.000229	14	39	-1156.254434	780.222292
0.000229	14	39	-1159.356017	778.454709
0.000228	14	39	-1162.457600	776.687051
0.000228	14	39	-1165.559183	774.919320
0.000227	14	39	-1168.660766	773.151515
0.000227	14	39	-1171.762350	771.383636
0.000226	14	39	-1174.863935	769.615682
0.000226	14	39	-1177.965520	767.847654
0.000225	14	39	-1181.067107	766.079551
0.000225	14	39	-1184.168695	764.311374
0.000224	14	39	-1187.270285	762.543122
0.000224	14	39	-1190.371877	760.774796
0.000223	14	39	-1193.473471	759.006394
0.000223	14	39	-1196.575067	757.237916
0.000222	14	39	-1199.676666	755.469364
0.000222	14	39	-1202.778267	753.700736
0.000221	14	39	-1205.879871	751.932032
0.000221	14	39	-1208.981479	750.163253
0.000220	14	39	-1212.083090	748.394397
0.000219	14	39	-1215.184704	746.625466
0.000219	14	39	-1218.286322	744.856458
0.000218	14	39	-1221.387944	743.087375
0.000218	14	39	-1224.489571	741.318214
0.000217	14	39	-1227.591201	739.548977
0.000217	14	39	-1230.692837	737.779663
0.000216	14	39	-1233.794477	736.010273
0.000216	14	39	-1236.896123	734.240805
0.000215	14	39	-1239.997773	732.471260
0.000215	14	39	-1243.099429	730.701638
0.000214	14	39	-1246.201091	728.931938
0.000214	14	39	-1249.302759	727.162161
0.000213	14	39	-1252.404433	725.392306
0.000213	14	39	-1255.506114	723.622373
0.000212	14	39	-1258.607801	721.852362
0.000212	14	39	-1261.709495	720.082273
0.000211	14	39	-1264.811195	718.312106
0.000211	14	39	-1267.912903	716.541860
0.000210	14	39	-1271.014619	714.771535
0.000210	14	39	-1274.116342	713.001132
0.000209	14	39	-1277.218073	711.230650
0.000208	14	39	-1280.319812	709.460089
0.000208	14	39	-1283.421560	707.689448
0.000207	14	39	-1286.523316	705.918728
0.000207	14	39	-1289.625081	704.147929
0.000206	14	39	-1292.726855	702.377050
0.000206	14	39	-1295.828637	700.606092
0.000205	14	39	-1298.930430	698.835053
0.000205	14	39	-1302.032232	697.063935
0.000204	14	39	-1305.134044	695.292736
0.000204	14	39	-1308.235865	693.521457
0.000203	14	39	-1311.337697	691.750097
0.000203	14	39	-1314.439540	689.978657
0.000202	14	39	-1317.541393	688.207135
0.000202	14	39	-1320.643257	686.435533
0.000201	14	39	-1323.745133	684.663850
0.000201	14	39	-1326.847019	682.892086
0.000200	14	39	-1329.948917	681.120240
0.000200	14	39	-1333.050827	679.348313
0.000199	14	39	-1336.152749	677.576304
0.000199	14	39	-1339.254683	675.804213
0.000198	14	39	-1342.356630	674.032040
0.000198	14	39	-1345.458589	672.259785
0.000197	14	39	-1348.560561	670.487447
0.000197	14	39	-1351.662546	668.715028
0.000196	14	39	-1354.764544	666.942525
0.000196	14	39	-1357.866556	665.169940
0.000195	14	39	-1360.968581	663.397272
0.000194	14	39	-1364.070621	661.624521
0.000194	14	39	-1367.172674	659.851687
0.000193	14	39	-1370.274742	658.078770
0.000193	14	39	-1373.376825	656.305768
0.000192	14	39	-1376.478922	654.532684
0.000192	14	39	-1379.581034	652.759515
0.000191	14	39	-1382.683162	650.986263
0.000191	14	39	-1385.785304	649.212926
0.000190	14	39	-1388.887463	647.439505
0.000190	14	39	-1391.989637	645.666000
0.000189	14	39	-1395.091828	643.892410
0.000189	14	39	-1398.194034	642.118736
0.000188	14	39	-1401.296257	640.344976
0.000188	14	39	-1404.398497	638.571132
0.000187	14	39	-1407.500754	636.797202
0.000187	14	39	-1410.603028	635.023187
0.000186	14	39	-1413.705319	633.249087
0.000186	14	39	-1416.807628	631.474901
0.000185	14	39	-1419.909955	629.700629
0.000185	14	39	-1423.012300	627.926271
0.000184	14	39	-1426.114662	626.151827
0.000184	14	39	-1429.217044	624.377297
0.000183	14	39	-1432.319444	622.602680
0.000183	14	39	-1435.421862	620.827976
0.000182	14	39	-1438.524300	619.053186
0.000182	14	39	-1441.626757	617.278309
0.000181	14	39	-1444.729234	615.503345
0.000181	14	39	-1447.831730	613.728294
0.000180	14	39	-1450.934246	611.953156
0.000180	14	39	-1454.036783	610.177930
0.000179	14	39	-1457.139339	608.402616
0.000179	14	39	-1460.241917	606.627214
0.000178	14	39	-1463.344514	604.851724
0.000178	14	39	-1466.447133	603.076147
0.000177	14	39	-1469.549774	601.300480
0.000177	14	39	-1472.652435	599.524726
0.000177	14	39	-1475.755118	597.748882
0.000176	14	39	-1478.857823	595.972950
0.000176	14	39	-1481.960551	594.196929
0.000175	14	39	-1485.063300	592.420819
0.000175	14	39	-1488.166072	590.644620
0.000174	14	39	-1491.268866	588.868331
0.000174	14	39	-1494.371684	587.091952
0.000173	14	39	-1497.474524	585.315484
0.000173	14	39	-1500.577388	583.538926
0.000172	14	39	-1503.680275	581.762277
0.000172	14	39	-1506.783186	579.985539
0.000171	14	39	-1509.886121	578.208710
0.000171	14	39	-1512.989081	576.431790
0.000170	14	39	-1516.092064	574.654780
0.000170	14	39	-1519.195072	572.877679
0.000169	14	39	-1522.298105	571.100486
0.000169	14	39	-1525.401163	569.323203
0.000168	14	39	-1528.504247	567.545828
0.000168	14	39	-1531.607355	565.768361
0.000167	14	39	-1534.710489	563.990803
0.000167	14	39	-1537.813650	562.213153
0.000167	14	39	-1540.916836	560.435411
0.000166	14	39	-1544.020048	558.657577
0.000166	14	39	-1547.123287	556.879650
0.000165	14	39	-1550.226553	555.101631
0.000165	14	39	-1553.329846	553.323519
0.000164	14	39	-1556.433165	551.545314
0.000164	14	39	-1559.536512	549.767016
0.000163	14	39	-1562.639887	547.988625
0.000163	14	39	-1565.743289	546.210140
0.000162	14	39	-1568.846720	544.431562
0.000162	14	39	-1571.950178	542.652891
0.000162	14	39	-1575.053665	540.874125
0.000161	14	39	-1578.157180	539.095265
0.000161	14	39	-1581.260725	537.316311
0.000160	14	39	-1584.364298	535.537263
0.000160	14	39	-1587.467900	533.758120
0.000159	14	39	-1590.571532	531.978883
0.000159	14	39	-1593.675194	530.199550
0.000158	14	39	-1596.778885	528.420123
0.000158	14	39	-1599.882607	526.640600
0.000158	14	39	-1602.986358	524.860982
0.000157	14	39	-1606.090140	523.081269
0.000157	14	39	-1609.193953	521.301459
0.000156	14	39	-1612.297797	519.521554
0.000156	14	39	-1615.401672	517.741553
0.000155	14	39	-1618.505578	515.961455
0.000155	14	39	-1621.609515	514.181261
0.000154	14	39	-1624.713485	512.400971
0.000154	14	39	-1627.817486	510.620584
0.000154	14	39	-1630.921519	508.840100
0.000153	14	39	-1634.025585	507.059518
0.000153	14	39	-1637.129684	505.278840
0.000152	14	39	-1640.233815	503.498064
0.000152	14	39	-1643.337979	501.717190
0.000151	14	39	-1646.442176	499.936219
0.000151	14	39	-1649.546406	498.155150
0.000151	14	39	-1652.650671	496.373982
0.000150	14	39	-1655.754969	494.592717
0.000150	14	39	-1658.859300	492.811353
0.000149	14	39	-1661.963667	491.029890
0.000149	14	39	-1665.068067	489.248328
0.000148	14	39	-1668.172502	487.466668
0.000148	14	39	-1671.276972	485.684908
0.000148	14	39	-1674.381477	483.903049
0.000147	14	39	-1677.486018	482.121090
0.000147	14	39	-1680.590593	480.339032
0.000146	14	39	-1683.695205	478.556874
0.000146	14	39	-1686.799852	476.774616
0.000146	14	39	-1689.904535	474.992258
0.000145	14	39	-1693.009255	473.209799
0.000145	14	39	-1696.114011	471.427240
0.000144	14	39	-1699.218803	469.644580
0.000144	14	39	-1702.323633	467.861819
0.000144	14	39	-1705.428499	466.078957
0.000143	14	39	-1708.533403	464.295994
0.000143	14	39	-1711.638345	462.512929
0.000142	14	39	-1714.743324	460.729763
0.000142	14	39	-1717.848341	458.946495
0.000142	14	39	-1720.953396	457.163125
0.000141	14	39	-1724.058489	455.379653
0.000141	14	39	-1727.163621	453.596078
0.000140	14	39	-1730.268792	451.812401
0.000140	14	39	-1733.374001	450.028622
0.000140	14	39	-1736.479250	448.244739
0.000139	14	39	-1739.584538	446.460754
0.000139	14	39	-1742.689865	444.676665
0.000138	14	39	-1745.795233	442.892473
0.000138	14	39	-1748.900640	441.108177
0.000138	14	39	-1752.006087	439.323778
0.000137	14	39	-1755.111575	437.539275
0.000137	14	39	-1758.217103	435.754667
0.000136	14	39	-1761.322672	433.969956
0.000136	14	39	-1764.428282	432.185139
0.000136	14	39	-1767.533933	430.400219
0.000135	14	39	-1770.639625	428.615193
0.000135	14	39	-1773.745359	426.830063
0.000135	14	39	-1776.851134	425.044827
0.000134	14	39	-1779.956952	423.259486
0.000134	14	39	-1783.062812	421.474039
0.000133	14	39	-1786.168714	419.688487
0.000133	14	39	-1789.274659	417.902829
0.000133	14	39	-1792.380646	416.117064
0.000132	14	39	-1795.486676	414.331194
0.000132	14	39	-1798.592750	412.545217
0.000132	14	39	-1801.698867	410.759133
0.000131	14	39	-1804.805027	408.972943
0.000131	14	39	-1807.911231	407.186645
0.000130	14	39	-1811.017479	405.400241
0.000130	14	39	-1814.123772	403.613729
0.000130	14	39	-1817.230108	401.827109
0.000129	14	39	-1820.336490	400.040382
0.000129	14	39	-1823.442916	398.253547
0.000129	14	39	-1826.549387	396.466603
0.000128	14	39	-1829.655903	394.679552
0.000128	14	39	-1832.762464	392.892392
0.000128	14	39	-1835.869071	391.105124
0.000127	14	39	-1838.975724	389.317746
0.000127	14	39	-1842.082422	387.530260
0.000127	14	39	-1845.189167	385.742664
0.000126	14	39	-1848.295958	383.954959
0.000126	14	39	-1851.402796	382.167145
0.000125	14	39	-1854.509681	380.379221
0.000125	14	39	-1857.616612	378.591186
0.000125	14	39	-1860.723591	376.803042
0.000124	14	39	-1863.830616	375.014788
0.000124	14	39	-1866.937690	373.226422
0.000124	14	39	-1870.044811	371.437947
0.000123	14	39	-1873.151980	369.649360
0.000123	14	39	-1876.259197	367.860663
0.000123	14	39	-1879.366463	366.071854
0.000122	14	39	-1882.473777	364.282933
0.000122	14	39	-1885.581140	362.493902
0.000122	14	39	-1888.688551	360.704758
0.000121	14	39	-1891.796012	358.915502
0.000121	14	39	-1894.903522	357.126134
0.000121	14	39	-1898.011082	355.336654
0.000120	14	39	-1901.118691	353.547062
0.000120	14	39	-1904.226350	351.757356
0.000120	14	39	-1907.334059	349.967538
0.000119	14	39	-1910.441819	348.177607
0.000119	14	39	-1913.549629	346.387562
0.000119	14	39	-1916.657489	344.597404
0.000118	14	39	-1919.765401	342.807132
0.000118	14	39	-1922.873363	341.016746
0.000118	14	39	-1925.981377	339.226247
0.000117	14	39	-1929.089442	337.435633
0.000117	14	39	-1932.197559	335.644904
0.000117	14	39	-1935.305728	333.854061
0.000116	14	39	-1938.413949	332.063103
0.000116	14	39	-1941.522222	330.272031
0.000116	14	39	-1944.630547	328.480843
0.000115	14	39	-1947.738925	326.689539
0.000115	14	39	-1950.847356	324.898121
0.000115	14	39	-1953.955840	323.106586
0.000115	14	39	-1957.064377	321.314935
0.000114	14	39	-1960.172967	319.523169
0.000114	14	39	-1963.281611	317.731286
0.000114	14	39	-1966.390309	315.939286
0.000113	14	39	-1969.499061	314.147170
0.000113	14	39	-1972.607867	312.354937
0.000113	14	39	-1975.716727	310.562587
0.000112	14	39	-1978.825642	308.770119
0.000112	14	39	-1981.934611	306.977534
0.000112	14	39	-1985.043636	305.184832
0.000111	14	39	-1988.152715	303.392011
0.000111	14	39	-1991.261850	301.599073
0.000111	14	39	-1994.371040	299.806016
0.000111	14	39	-1997.480286	298.012841
0.000110	14	39	-2000.589588	296.219547
0.000110	14	39	-2003.698946	294.426135
0.000110	14	39	-2006.808360	292.632603
0.000109	14	39	-2009.917831	290.838952
0.000109	14	39	-2013.027358	289.045182
0.000109	14	39	-2016.136943	287.251292
0.000108	14	39	-2019.246584	285.457283
0.000108	14	39	-2022.356282	283.663153
0.000108	14	39	-2025.466038	281.868903
0.000108	14	39	-2028.575851	280.074533
0.000107	14	39	-2031.685722	278.280043
0.000107	14	39	-2034.795652	276.485431
0.000107	14	39	-2037.905639	274.690699
0.000106	14	39	-2041.015685	272.895845
0.000106	14	39	-2044.125789	271.100871
0.000106	14	39	-2047.235952	269.305774
0.000106	14	39	-2050.346173	267.510556
0.000105	14	39	-2053.456454	265.715216
0.000105	14	39	-2056.566794	263.919754
0.000105	14	39	-2059.677194	262.124170
0.000104	14	39	-2062.787653	260.328463
0.000104	14	39	-2065.898173	258.532633
0.000104	14	39	-2069.008752	256.736681
0.000104	14	39	-2072.119391	254.940605
0.000103	14	39	-2075.230091	253.144406
0.000103	14	39	-2078.340852	251.348083
0.000103	14	39	-2081.451673	249.551637
0.000102	14	39	-2084.562555	247.755067
0.000102	14	39	-2087.673499	245.958373
0.000102	14	39	-2090.784503	244.161555
0.000102	14	39	-2093.895570	242.364612
0.000101	14	39	-2097.006698	240.567545
0.000101	14	39	-2100.117887	238.770352
0.000101	14	39	-2103.229139	236.973035
0.000101	14	39	-2106.340454	235.175592
0.000100	14	39	-2109.451830	233.378024
0.000100	14	39	-2112.563270	231.580330
0.000100	14	39	-2115.674772	229.782510
0.000099	14	39	-2118.786337	227.984564
0.000099	14	39	-2121.897966	226.186492
0.000099	14	39	-2125.009658	224.388294
0.000099	14	39	-2128.121413	222.589969
0.000098	14	39	-2131.233232	220.791517
0.000098	14	39	-2134.345115	218.992938
0.000098	14	39	-2137.457063	217.194231
0.000098	14	39	-2140.569074	215.395398
0.000097	14	39	-2143.681150	213.596436
0.000097	14	39	-2146.793291	211.797347
0.000097	14	39	-2149.905497	209.998130
0.000097	14	39	-2153.017767	208.198784
0.000096	14	39	-2156.130103	206.399310
0.000096	14	39	-2159.242505	204.599707
0.000096	14	39	-2162.354972	202.799976
0.000096	14	39	-2165.467504	201.000115
0.000095	14	39	-2168.580103	199.200125
0.000095	14	39	-2171.692768	197.400006
0.000095	14	39	-2174.805499	195.599757
0.000095	14	39	-2177.918296	193.799378
0.000094	14	39	-2181.031161	191.998869
0.000094	14	39	-2184.144092	190.198230
0.000094	14	39	-2187.257090	188.397461
0.000094	14	39	-2190.370156	186.596560
0.000093	14	39	-2193.483288	184.795529
0.000093	14	39	-2196.596489	182.994367
0.000093	14	39	-2199.709757	181.193073
0.000093	14	39	-2202.823094	179.391648
0.000092	14	39	-2205.936498	177.590092
0.000092	14	39	-2209.049971	175.788403
0.000092	14	39	-2212.163512	173.986583
0.000092	14	39	-2215.277122	172.184630
0.000091	14	39	-2218.390800	170.382544
0.000091	14	39	-2221.504548	168.580326
0.000091	14	39	-2224.618365	166.777975
0.000091	14	39	-2227.732252	164.975491
0.000091	14	39	-2230.846208	163.172874
0.000090	14	39	-2233.960233	161.370123
0.000090	14	39	-2237.074329	159.567238
0.000090	14	39	-2240.188495	157.764220
0.000090	14	39	-2243.302731	155.961067
0.000089	14	39	-2246.417038	154.157780
0.000089	14	39	-2249.531415	152.354359
0.000089	14	39	-2252.645863	150.550803
0.000089	14	39	-2255.760382	148.747112
0.000088	14	39	-2258.874972	146.943285
0.000088	14	39	-2261.989634	145.139324
0.000088	14	39	-2265.104367	143.335227
0.000088	14	39	-2268.219172	141.530994
0.000088	14	39	-2271.334049	139.726625
0.000087	14	39	-2274.448998	137.922120
0.000087	14	39	-2277.564019	136.117478
0.000087	14	39	-2280.679113	134.312700
0.000087	14	39	-2283.794279	132.507786
0.000086	14	39	-2286.909518	130.702734
0.000086	14	39	-2290.024830	128.897545
0.000086	14	40	2481.727161	-1015.113212
0.000086	14	40	2479.432200	-1016.670344
0.000086	14	40	2477.137263	-1018.227330
0.000086	14	40	2474.842353	-1019.784172
0.000087	14	40	2472.547467	-1021.340868
0.000087	14	40	2470.252606	-1022.897420
0.000087	14	40	2467.957769	-1024.453827
0.000087	14	40	2465.662957	-1026.010090
0.000087	14	40	2463.368169	-1027.566209
0.000087	14	40	2461.073405	-1029.122183
0.000087	14	40	2458.778664	-1030.678014
0.000087	14	40	2456.483946	-1032.233701
0.000087	14	40	2454.189252	-1033.789244
0.000087	14	40	2451.894580	-1035.344644
0.000087	14	40	2449.599931	-1036.899900
0.000088	14	40	2447.305304	-1038.455013
0.000088	14	40	2445.010699	-1040.009984
0.000088	14	40	2442.716116	-1041.564811
0.000088	14	40	2440.421554	-1043.119496
0.000088	14	40	2438.127014	-1044.674038
0.000088	14	40	2435.832494	-1046.228438
0.000088	14	40	2433.537996	-1047.782696
0.000088	14	40	2431.243518	-1049.336811
0.000088	14	40	2428.949060	-1050.890785
0.000088	14	40	2426.654622	-1052.444617
0.000089	14	40	2424.360204	-1053.998307
0.000089	14	40	2422.065806	-1055.551856
0.000089	14	40	2419.771427	-1057.105264
0.000089	14	40	2417.477067	-1058.658531
0.000089	14	40	2415.182725	-1060.211657
0.000089	14	40	2412.888402	-1061.764642
0.000089	14	40	2410.594098	-1063.317486
0.000089	14	40	2408.299811	-1064.870190
0.000089	14	40	2406.005542	-1066.422753
0.000089	14	40	2403.711291	-1067.975177
0.000089	14	40	2401.417057	-1069.527460
0.000090	14	40	2399.122840	-1071.079604
0.000090	14	40	2396.828639	-1072.631607
0.000090	14	40	2394.534456	-1074.183472
0.000090	14	40	2392.240288	-1075.735197
0.000090	14	40	2389.946137	-1077.286783
0.000090	14	40	2387.652001	-1078.838230
0.000090	14	40	2385.357881	-1080.389537
0.000090	14	40	2383.063776	-1081.940707
0.000090	14	40	2380.769686	-1083.491737
0.000090	14	40	2378.475611	-1085.042630
0.000090	14	40	2376.181551	-1086.593384
0.000091	14	40	2373.887504	-1088.144000
0.000091	14	40	2371.593472	-1089.694478
0.000091	14	40	2369.299454	-1091.244818
0.000091	14	40	2367.005449	-1092.795021
0.000091	14	40	2364.711458	-1094.345086
0.000091	14	40	2362.417479	-1095.895014
0.000091	14	40	2360.123513	-1097.444805
0.000091	14	40	2357.829560	-1098.994459
0.000091	14	40	2355.535620	-1100.543977
0.000091	14	40	2353.241691	-1102.093357
0.000092	14	40	2350.947774	-1103.642602
0.000092	14	40	2348.653869	-1105.191709
0.000092	14	40	2346.359975	-1106.740681
0.000092	14	40	2344.066092	-1108.289517
0.000092	14	40	2341.772220	-1109.838217
0.000092	14	40	2339.478358	-1111.386781
0.000092	14	40	2337.184507	-1112.935210
0.000092	14	40	2334.890666	-1114.483504
0.000092	14	40	2332.596835	-1116.031662
0.000092	14	40	2330.303013	-1117.579686
0.000092	14	40	2328.009201	-1119.127574
0.000093	14	40	2325.715398	-1120.675328
0.000093	14	40	2323.421604	-1122.222948
0.000093	14	40	2321.127818	-1123.770433
0.000093	14	40	2318.834041	-1125.317784
0.000093	14	40	2316.540272	-1126.865001
0.000093	14	40	2314.246511	-1128.412084
0.000093	14	40	2311.952758	-1129.959033
0.000093	14	40	2309.659012	-1131.505849
0.000093	14	40	2307.365273	-1133.052532
0.000093	14	40	2305.071541	-1134.599081
0.000094	14	40	2302.777816	-1136.145497
0.000094	14	40	2300.484097	-1137.691781
0.000094	14	40	2298.190384	-1139.237932
0.000094	14	40	2295.896677	-1140.783950
0.000094	14	40	2293.602977	-1142.329836
0.000094	14	40	2291.309281	-1143.875590
0.000094	14	40	2289.015591	-1145.421211
0.000094	14	40	2286.721905	-1146.966701
0.000094	14	40	2284.428225	-1148.512059
0.000094	14	40	2282.134549	-1150.057286
0.000094	14	40	2279.840877	-1151.602381
0.000095	14	40	2277.547209	-1153.147345
0.000095	14	40	2275.253545	-1154.692178
0.000095	14	40	2272.959885	-1156.236880
0.000095	14	40	2270.666227	-1157.781452
0.000095	14	40	2268.372573	-1159.325893
0.000095	14	40	2266.078922	-1160.870203
0.000095	14	40	2263.785273	-1162.414383
0.000095	14	40	2261.491626	-1163.958434
0.000095	14	40	2259.197982	-1165.502354
0.000095	14	40	2256.904339	-1167.046145
0.000096	14	40	2254.610698	-1168.589806
0.000096	14	40	2252.317059	-1170.133338
0.000096	14	40	2250.023420	-1171.676740
0.000096	14	40	2247.729783	-1173.220014
0.000096	14	40	2245.436146	-1174.763159
0.000096	14	40	2243.142509	-1176.306175
0.000096	14	40	2240.848872	-1177.849062
0.000096	14	40	2238.555236	-1179.391821
0.000096	14	40	2236.261599	-1180.934452
0.000096	14	40	2233.967962	-1182.476955
0.000096	14	40	2231.674323	-1184.019330
0.000097	14	40	2229.380684	-1185.561577
0.000097	14	40	2227.087044	-1187.103697
0.000097	14	40	2224.793401	-1188.645690
0.000097	14	40	2222.499758	-1190.187555
0.000097	14	40	2220.206112	-1191.729293
0.000097	14	40	2217.912464	-1193.270905
0.000097	14	40	2215.618813	-1194.812390
0.000097	14	40	2213.325160	-1196.353748
0.000097	14	40	2211.031504	-1197.894980
0.000097	14	40	2208.737844	-1199.436086
0.000098	14	40	2206.444181	-1200.977065
0.000098	14	40	2204.150515	-1202.517919
0.000098	14	40	2201.856844	-1204.058647
0.000098	14	40	2199.563170	-1205.599250
0.000098	14	40	2197.269491	-1207.139728
0.000098	14	40	2194.975807	-1208.680080
0.000098	14	40	2192.682119	-1210.220307
0.000098	14	40	2190.388425	-1211.760410
0.000098	14	40	2188.094726	-1213.300388
0.000098	14	40	2185.801022	-1214.840241
0.000098	14	40	2183.507312	-1216.379971
0.000099	14	40	2181.213595	-1217.919576
0.000099	14	40	2178.919873	-1219.459057
0.000099	14	40	2176.626144	-1220.998414
0.000099	14	40	2174.332408	-1222.537648
0.000099	14	40	2172.038665	-1224.076758
0.000099	14	40	2169.744915	-1225.615745
0.000099	14	40	2167.451158	-1227.154609
0.000099	14	40	2165.157392	-1228.693350
0.000099	14	40	2162.863619	-1230.231968
0.000099	14	40	2160.569838	-1231.770464
0.000100	14	40	2158.276048	-1233.308837
0.000100	14	40	2155.982250	-1234.847088
0.000100	14	40	2153.688443	-1236.385217
0.000100	14	40	2151.394627	-1237.923224
0.000100	14	40	2149.100801	-1239.461109
0.000100	14	40	2146.806966	-1240.998873
0.000100	14	40	2144.513121	-1242.536515
0.000100	14	40	2142.219266	-1244.074037
0.000100	14	40	2139.925401	-1245.611437
0.000100	14	40	2137.631525	-1247.148716
0.000100	14	40	2135.337638	-1248.685875
0.000101	14	40	2133.043741	-1250.222913
0.000101	14	40	2130.749832	-1251.759831
0.000101	14	40	2128.455912	-1253.296629
0.000101	14	40	2126.161980	-1254.833306
0.000101	14	40	2123.868036	-1256.369864
0.000101	14	40	2121.574080	-1257.906302
0.000101	14	40	2119.280112	-1259.442621
0.000101	14	40	2116.986131	-1260.978821
0.000101	14	40	2114.692137	-1262.514901
0.000101	14	40	2112.398130	-1264.050862
0.000101	14	40	2110.104110	-1265.586705
0.000102	14	40	2107.810076	-1267.122429
0.000102	14	40	2105.516029	-1268.658035
0.000102	14	40	2103.221967	-1270.193522
0.000102	14	40	2100.927892	-1271.728892
0.000102	14	40	2098.633802	-1273.264143
0.000102	14	40	2096.339697	-1274.799277
0.000102	14	40	2094.045577	-1276.334293
0.000102	14	40	2091.751442	-1277.869192
0.000102	14	40	2089.457291	-1279.403974
0.000102	14	40	2087.163125	-1280.938638
0.000103	14	40	2084.868944	-1282.473186
0.000103	14	40	2082.574746	-1284.007617
0.000103	14	40	2080.280531	-1285.541932
0.000103	14	40	2077.986301	-1287.076130
0.000103	14	40	2075.692053	-1288.610213
0.000103	14	40	2073.397788	-1290.144179
0.000103	14	40	2071.103507	-1291.678029
0.000103	14	40	2068.809207	-1293.211764
0.000103	14	40	2066.514890	-1294.745384
0.000103	14	40	2064.220555	-1296.278888
0.000103	14	40	2061.926202	-1297.812277
0.000104	14	40	2059.631831	-1299.345551
0.000104	14	40	2057.337441	-1300.878711
0.000104	14	40	2055.043032	-1302.411756
